155,143,246,117,181,218,125,55,125,238,254,176,219,45,150,247,63,246,253,172,253,248,229,206,238,251,245,129,231,228,218,125
41,63,245,117,244,63,125,55,127,239,254,236,187,63,147,180,63,254,215,12,249,248,97,254,238,223,117,144,239,220,206,249
249,50,121,225,36,26,121,16,105,236,182,236,155,31,215,112,254,141,95,188,136,180,225,200,198,249,34,132,102,132,70,113
234,48,148,248,109,237,88,91,171,121,177,57,142,159,78,27,207,145,255,17,30,111,194,208,215,217,83,255,218,12,207,211
166,87,110,206,253,83,223,253,95,206,253,39,104,252,191,101,255,251,255,231,236,35,111,255,119,126,207,191,87,255,246,215
47,95,240,205,253,91,254,190,95,234,252,238,219,61,151,180,95,222,223,104,249,250,109,190,254,255,165,181,247,253,222,253
63,81,100,76,25,86,83,248,87,108,221,167,74,92,191,244,220,220,149,227,205,163,125,157,243,111,129,159,123,191,124,87
61,65,102,69,23,91,103,48,69,228,238,134,195,0,147,228,120,204,162,238,205,176,117,140,167,237,129,5,103,191,92,196
120,113,248,101,37,94,89,17,33,236,182,41,31,31,131,187,142,149,221,96,204,34,241,128,211,249,96,151,99,164,78,123
56,121,96,69,23,91,71,56,117,228,230,143,67,9,23,180,120,236,196,106,204,176,117,14,247,207,5,21,99,190,94,78
11,183,146,25,241,180,184,87,126,77,120,245,168,170,166,220,254,43,130,149,150,184,4,87,36,54,50,195,219,68,171,221
119,74,98,12,114,146,234,112,229,192,210,231,8,200,183,244,126,236,86,239,205,151,36,76,50,56,139,130,111,183,122,212
126,125,224,68,27,87,83,232,83,236,172,15,74,92,71,180,188,212,197,242,236,227,253,158,123,79,133,55,99,63,94,86
26,122,123,121,114,192,249,84,109,12,116,98,61,223,180,48,46,185,23,193,195,188,34,253,71,233,34,129,125,128,103,187
51,107,98,22,83,147,218,224,161,196,210,207,40,206,55,149,174,225,213,199,140,139,134,253,50,88,138,139,39,135,58,222
55,157,238,219,214,167,239,255,23,205,253,150,120,236,191,96,127,235,23,159,179,250,47,255,124,14,191,192,189,207,248,221
200,253,119,255,126,201,190,244,189,202,246,242,253,255,36,97,166,251,255,194,227,253,131,239,246,251,127,138,78,144,43,153
254,114,241,228,45,93,88,88,171,232,180,41,143,31,67,155,206,149,221,33,140,99,208,192,147,217,3,191,66,164,15,87
26,253,123,74,83,209,191,247,165,68,92,170,44,159,38,164,46,187,215,193,66,171,52,253,115,69,4,139,119,22,167,255
70,48,181,181,105,125,24,8,171,249,179,41,206,222,79,27,167,213,255,17,134,71,235,192,159,208,95,255,132,37,15,87
214,236,246,223,239,249,254,238,255,222,246,51,236,238,255,255,251,239,255,195,124,255,171,255,190,126,223,207,135,117,165,207
77,59,171,3,186,152,43,16,174,192,143,236,189,198,211,114,38,125,122,220,147,73,175,96,92,45,47,200,140,163,3,241
223,81,118,229,47,31,123,40,173,236,150,143,207,254,31,214,246,213,255,231,204,65,243,204,179,249,75,150,6,46,33,119
46,255,228,187,253,59,254,249,31,251,248,231,201,239,125,207,255,255,255,245,244,242,203,248,126,95,239,236,151,253,241,209
94,97,54,237,61,87,223,248,239,236,191,3,206,254,63,102,252,197,255,227,200,227,187,221,187,254,143,150,7,191,113,215
73,51,11,1,24,223,33,80,228,76,199,100,147,128,130,96,120,172,106,252,137,147,245,0,212,33,162,64,40,11,124,240
31,159,103,191,246,163,175,255,222,205,218,247,105,238,180,192,255,235,55,247,183,187,47,255,60,110,191,192,181,207,181,249
169,255,103,223,124,139,238,255,255,94,244,247,121,239,180,17,110,255,119,207,227,255,111,255,54,251,247,128,127,156,227,249
107,189,244,221,253,63,252,123,255,250,254,14,233,254,159,35,255,167,127,173,229,115,247,203,63,127,207,190,239,236,99,255
9,34,76,33,0,218,97,16,100,101,103,132,131,3,146,244,34,12,104,140,143,152,245,17,198,233,50,65,110,132,92,124
90,251,0,186,59,153,90,238,171,232,168,237,47,206,66,144,166,171,205,199,78,11,138,189,186,213,45,251,56,7,11,95
123,251,2,170,59,153,90,228,171,104,168,237,47,206,67,144,174,163,205,69,78,11,2,189,178,213,8,187,58,6,11,95
130,50,126,249,44,175,249,83,190,27,242,245,159,143,144,75,239,57,127,157,178,252,195,208,198,203,250,192,156,128,33,177
109,249,180,254,125,221,94,184,207,216,189,8,235,248,95,52,221,248,255,122,206,99,251,189,255,223,133,123,82,191,90,134
201,189,18,28,85,156,240,55,249,73,110,92,174,184,22,181,164,46,114,12,247,184,178,197,39,122,80,66,74,4,203,143
41,249,57,104,61,93,83,156,111,108,188,8,191,223,0,48,158,152,221,104,203,41,250,61,227,221,33,62,114,154,70,123
216,188,191,244,185,108,125,183,187,187,182,88,191,183,64,123,135,247,125,24,185,73,243,35,255,255,118,208,130,224,131,43
92,185,191,103,185,76,87,149,107,253,175,8,223,247,72,50,133,215,125,24,155,105,251,32,251,223,101,124,194,194,199,115
200,188,191,246,185,204,125,183,187,251,182,24,191,183,64,51,133,247,125,8,123,73,178,39,251,255,116,120,194,192,198,59
93,177,185,242,169,204,91,249,171,253,175,12,255,247,72,114,183,223,125,88,155,67,251,1,219,253,39,124,194,130,135,115
92,84,189,255,172,110,93,30,174,255,191,24,255,247,73,122,197,247,125,10,153,65,251,33,195,255,119,144,128,243,197,115
23,212,254,223,254,115,255,222,23,219,222,246,121,254,191,104,127,222,63,186,171,247,107,255,254,239,255,204,189,251,240,249
95,166,254,199,250,55,127,216,127,251,255,218,221,239,221,122,127,223,127,186,178,211,175,210,222,255,239,204,133,227,163,225
223,167,254,251,250,41,191,249,127,255,255,218,221,238,222,112,55,95,127,189,178,251,175,215,252,255,127,236,197,226,167,241
31,191,87,251,250,166,187,251,191,89,251,246,221,255,238,65,55,207,127,150,179,217,139,247,254,255,175,196,174,231,161,209
174,246,237,223,236,75,255,252,31,250,247,254,217,237,254,76,127,220,191,139,233,246,107,250,126,31,255,180,215,254,212,241
175,255,254,87,252,30,255,249,121,252,247,126,91,123,159,19,126,237,246,250,253,243,253,236,126,123,231,134,239,251,234,209
127,253,252,255,252,186,94,190,63,234,254,238,251,255,135,112,223,247,254,238,237,195,239,255,190,255,231,152,190,255,216,93
157,94,246,255,174,35,126,250,223,218,210,246,233,251,177,75,127,239,127,195,169,247,79,254,190,238,239,148,191,249,112,145
255,253,236,117,181,123,124,191,125,238,190,186,203,61,151,247,63,246,253,173,252,252,229,206,238,255,229,151,231,252,218,93
93,30,246,255,236,35,126,218,247,218,219,119,233,235,249,75,127,239,127,190,189,247,203,250,254,111,239,140,191,251,112,17
238,254,237,245,237,127,253,254,59,255,190,191,219,253,223,191,223,223,255,183,188,114,239,234,127,127,239,191,199,253,214,247
142,156,254,255,237,126,255,154,255,223,119,54,249,253,247,235,255,255,191,27,240,252,251,234,111,255,247,135,231,255,236,243
15,159,123,254,252,150,255,252,255,76,254,100,253,255,190,244,255,251,255,238,243,171,58,255,127,255,39,200,22,246,231,249
254,179,233,181,239,125,255,254,31,255,246,191,251,253,223,44,255,223,255,213,187,114,239,243,255,127,255,255,231,253,214,247
30,188,255,251,190,115,190,254,159,255,157,179,221,255,255,96,255,91,255,179,182,71,59,251,251,223,239,255,182,255,165,243
62,254,250,255,255,247,95,255,31,239,221,175,125,255,186,100,255,251,159,147,187,207,251,255,255,223,175,255,191,255,180,251
158,222,252,255,239,63,127,254,63,126,116,247,111,127,159,217,255,251,183,99,232,246,107,255,247,251,247,131,255,253,204,219
46,58,242,250,127,245,155,90,159,77,245,63,44,223,103,108,223,187,183,145,134,11,250,243,91,221,154,235,151,77,37,247
31,187,230,151,239,243,190,234,15,253,94,167,237,238,247,230,239,255,255,215,148,218,239,224,158,119,239,195,167,239,189,221
43,15,98,10,241,176,184,71,47,77,92,165,40,170,182,212,198,43,151,149,150,138,198,245,46,117,154,203,159,4,187,223
122,19,113,229,37,94,88,56,41,236,182,175,143,31,151,209,246,149,253,101,204,179,241,140,211,249,35,151,38,166,47,83
86,96,183,197,41,94,188,136,175,190,147,137,206,238,93,223,231,213,255,231,68,69,251,192,157,178,207,159,132,55,7,117
95,179,175,164,233,223,95,248,171,252,159,173,223,254,215,182,254,245,253,231,205,67,190,216,187,85,239,190,10,54,47,119
116,57,253,112,139,109,17,195,167,183,174,8,86,183,73,26,41,18,107,24,16,105,251,48,91,159,81,119,194,225,198,98
111,252,242,255,236,173,255,250,127,250,254,14,255,255,215,57,255,255,119,207,235,118,251,255,127,255,247,140,231,251,98,233
223,187,246,167,255,219,186,216,175,237,223,183,237,254,246,226,239,247,255,215,150,153,239,243,254,117,175,255,191,239,173,215
254,253,228,244,239,123,254,248,91,254,190,63,75,124,31,51,251,199,255,227,236,103,239,238,63,255,197,191,231,253,246,215
42,248,166,154,109,253,152,202,139,94,180,63,44,220,119,142,207,251,247,19,134,111,250,241,19,91,91,187,87,93,95,223
78,157,255,254,190,238,255,255,191,91,255,35,253,255,41,96,247,127,191,243,242,73,43,255,255,255,47,206,182,243,165,83
137,139,50,29,69,156,224,119,253,13,126,84,174,168,54,212,164,42,226,13,214,184,18,207,39,123,82,2,74,12,251,205
29,124,123,69,54,223,235,112,108,236,127,230,89,85,180,36,62,60,87,234,209,177,52,92,103,237,33,192,103,163,103,241
75,251,255,222,43,221,191,188,175,220,148,237,252,255,247,231,198,113,255,79,199,75,238,249,254,91,111,187,30,190,13,253
145,30,123,237,118,98,251,114,124,74,126,246,21,31,179,96,118,189,23,174,161,180,36,78,86,175,170,128,45,225,33,241
212,189,254,247,238,105,255,155,62,251,246,58,215,255,202,122,255,223,127,16,176,254,251,99,223,239,119,192,172,233,231,155
214,212,206,191,188,123,252,249,191,242,215,183,255,255,27,203,255,231,255,167,187,197,203,255,182,243,255,150,188,249,181,209
31,159,110,191,94,131,238,248,183,66,210,231,253,234,179,97,123,235,63,195,238,251,79,255,190,47,239,128,53,191,49,201
253,219,106,78,242,208,111,245,225,76,204,166,57,199,178,116,118,232,149,234,222,139,36,237,114,109,166,201,39,150,246,245
63,221,100,205,245,86,223,252,85,204,246,166,73,126,158,229,127,205,191,239,253,243,109,238,254,127,239,151,47,191,124,245
74,251,126,222,123,223,255,244,175,236,254,231,236,255,135,182,254,247,255,194,192,233,170,253,119,255,47,187,7,182,47,255
123,219,69,205,60,18,202,184,71,104,214,230,75,8,183,228,126,196,190,239,205,35,101,221,178,120,163,148,63,174,120,125
127,123,182,238,41,223,27,216,175,252,180,237,206,222,231,182,222,253,255,71,205,67,250,248,219,217,47,191,30,175,47,119
79,251,247,222,187,221,155,248,175,252,151,237,238,254,255,255,215,117,255,87,135,67,251,253,255,91,111,191,134,183,7,87
130,159,110,186,126,145,187,249,159,125,223,167,109,254,190,64,255,187,191,199,246,155,46,255,254,84,175,239,55,142,189,213
127,86,254,255,230,119,255,252,95,238,255,175,95,255,191,105,127,221,191,111,205,246,239,232,246,255,239,135,247,255,252,243
196,252,63,214,108,205,183,252,255,250,250,109,254,221,79,115,239,125,255,66,231,119,251,255,127,249,39,186,72,155,71,219
183,215,102,222,253,87,255,252,221,206,253,167,72,252,191,101,255,239,255,231,244,243,62,238,55,127,207,143,87,255,244,215
79,252,252,83,235,255,63,190,191,127,52,189,253,255,222,191,183,127,255,14,247,92,255,247,79,95,125,247,206,213,143,255
107,251,119,158,59,221,159,252,143,220,149,237,254,254,174,230,222,113,255,71,199,11,234,253,250,89,47,187,30,190,45,253
159,255,230,255,247,255,255,247,187,223,92,191,237,127,150,181,191,251,151,183,247,222,40,255,254,223,255,195,175,244,143,223
58,149,106,234,223,213,155,237,159,5,93,19,8,220,62,132,248,155,147,241,86,43,58,247,123,93,138,111,87,15,252,214
11,251,230,215,238,178,249,246,111,253,94,231,233,238,183,174,111,239,247,221,133,251,175,233,30,127,255,195,175,255,123,253
86,155,191,191,251,94,63,253,175,221,94,163,236,255,46,118,247,87,255,215,151,217,171,241,191,118,207,199,182,119,165,127
63,191,98,139,247,183,254,248,15,109,221,231,237,238,190,228,255,203,151,247,215,186,109,253,190,93,175,231,191,207,185,213
70,205,166,159,173,15,191,232,175,182,151,3,236,251,63,79,249,231,251,231,96,225,219,253,191,50,207,23,6,127,117,70
63,255,235,239,244,154,255,253,125,234,254,238,251,253,159,96,127,255,95,111,237,176,237,239,246,255,175,144,111,255,216,253
26,159,106,171,254,147,190,253,31,76,220,231,109,206,190,224,254,219,159,231,215,155,45,253,254,125,174,203,63,143,173,221
207,63,242,194,255,185,186,82,191,205,191,255,237,238,247,164,191,251,255,149,151,35,174,251,190,93,175,187,159,247,171,213
207,118,242,222,255,180,254,91,255,207,253,247,236,254,255,244,247,115,255,135,183,3,174,250,54,124,175,138,159,247,169,85
254,244,228,255,239,115,222,252,27,254,180,159,73,239,95,43,255,215,255,231,236,119,223,250,255,223,207,191,247,253,215,215
107,190,252,85,173,254,125,183,255,255,190,253,139,175,214,246,207,239,255,12,237,120,247,192,238,255,247,179,206,244,206,125
88,249,63,244,58,203,21,127,166,164,190,171,247,215,67,18,111,245,255,226,72,203,251,29,249,195,47,249,32,58,39,123
153,125,123,97,178,207,119,119,37,232,254,224,63,149,193,48,38,255,95,88,233,155,160,46,251,217,36,128,102,144,38,251
11,159,107,207,116,22,255,248,61,204,126,228,249,239,182,100,126,127,183,239,209,184,173,239,110,255,175,128,78,231,97,241
47,127,239,231,244,30,127,189,117,204,254,231,251,127,151,244,126,238,151,239,237,178,125,238,230,255,167,128,47,255,242,249
189,204,99,223,252,155,239,255,125,67,255,214,251,239,156,245,127,238,63,174,249,254,127,255,254,255,119,192,231,254,250,249
10,147,20,137,111,241,184,111,15,117,92,167,172,46,166,196,239,19,163,129,150,24,111,213,14,86,218,231,150,12,141,223
56,59,122,108,114,214,123,112,177,204,118,167,57,223,179,112,126,249,151,200,152,155,48,173,115,237,160,129,39,131,102,243
11,166,226,13,114,178,184,119,59,65,92,247,173,172,150,132,63,47,151,141,166,152,196,207,14,126,186,224,79,196,187,221
105,90,103,197,116,31,235,48,69,232,246,230,57,25,183,228,110,164,62,76,201,189,37,220,86,121,162,128,127,172,112,125
138,254,126,255,110,186,188,253,189,154,119,246,253,255,165,107,231,255,255,130,226,245,26,239,182,251,126,130,39,240,169,137
31,159,103,191,254,151,239,255,23,77,223,246,105,238,184,228,127,235,191,223,243,219,47,255,60,111,191,192,183,143,181,253
222,183,254,243,254,35,251,250,127,251,255,246,221,239,221,121,127,223,127,251,176,247,237,254,222,255,239,228,175,227,35,145
221,94,246,255,238,171,239,218,223,226,222,230,249,239,247,107,127,239,127,199,169,247,239,250,190,239,239,128,191,249,112,217
107,253,252,222,252,186,127,190,191,232,254,168,251,238,151,115,254,239,127,76,237,218,239,253,254,255,231,152,182,254,218,253
239,249,254,223,252,26,255,249,255,252,246,190,249,239,151,51,238,231,127,255,253,255,239,254,126,251,231,216,79,189,226,241
31,149,118,187,254,182,191,249,191,249,223,246,221,255,254,208,127,159,255,191,179,219,187,223,190,255,239,196,191,230,161,81
30,212,239,223,252,99,238,222,23,251,223,242,217,255,253,104,127,222,127,191,169,247,239,250,254,239,255,156,181,251,112,185
31,180,246,255,254,34,250,218,151,219,223,246,249,254,255,106,127,223,127,187,187,211,239,254,254,239,191,156,191,251,113,185
198,214,239,191,172,107,252,249,190,250,211,243,215,239,59,75,127,197,127,167,185,231,235,255,223,227,255,148,180,251,177,209
148,188,255,247,188,44,123,155,62,255,251,180,255,255,200,91,231,95,127,154,179,220,219,99,237,235,127,196,140,225,167,243
93,216,187,254,172,108,91,152,171,249,191,8,255,247,73,122,197,119,125,90,11,65,251,32,219,255,103,220,130,243,71,115
216,184,191,244,169,221,85,183,187,27,180,24,191,255,64,59,165,247,125,8,123,111,178,55,251,223,116,121,202,128,199,59
125,177,57,224,177,205,91,249,43,232,189,8,223,215,72,112,180,221,93,120,219,50,249,21,251,221,37,124,98,162,199,115
125,177,187,98,185,220,95,185,107,233,191,8,223,215,72,114,148,214,125,120,219,99,251,32,251,221,37,124,194,162,198,99
122,114,112,224,45,93,88,89,169,252,180,45,143,31,71,26,174,149,221,49,140,103,240,192,211,217,66,191,70,164,79,87
249,32,120,229,36,30,121,80,109,228,246,138,159,15,159,127,126,149,93,238,200,182,229,200,215,249,34,148,103,140,67,97
63,81,110,108,57,87,95,248,199,236,220,165,74,220,191,244,222,125,181,231,207,3,58,157,115,125,165,191,30,191,60,119
57,87,34,141,93,87,23,120,68,236,220,47,67,20,163,228,88,140,146,238,205,179,117,142,119,101,161,177,59,190,124,255
59,113,98,77,27,95,87,121,85,236,236,47,74,157,6,180,156,156,197,100,204,179,113,12,115,205,1,51,99,190,126,255
51,75,98,14,67,144,222,101,165,76,216,231,41,206,183,208,126,161,151,231,204,131,6,253,50,104,142,139,127,150,122,221
10,26,127,248,115,214,185,82,173,76,116,166,189,159,34,5,46,49,151,128,128,141,34,205,195,243,250,139,119,129,39,243
42,16,127,232,121,246,153,91,173,77,253,34,28,31,38,180,238,145,215,176,19,171,50,221,83,249,186,203,83,6,103,243
77,107,107,65,122,152,43,16,238,192,78,228,153,199,210,114,38,100,123,220,211,152,167,72,110,41,175,200,38,131,35,241
43,176,245,237,125,127,248,123,255,233,242,126,172,190,148,2,238,173,127,161,145,250,243,200,31,126,219,142,207,108,99,255
193,156,62,93,113,190,48,55,125,79,102,20,174,50,6,117,167,39,120,24,180,172,49,95,15,254,18,66,202,0,171,79
123,123,3,172,59,153,90,96,175,72,152,237,47,202,35,148,174,169,221,199,207,11,70,189,176,212,10,187,58,7,11,95
3,189,58,28,83,220,180,103,249,65,110,4,188,184,38,180,162,59,146,1,87,185,178,231,39,60,18,3,74,4,171,158
54,252,236,253,255,103,254,254,31,187,252,183,221,255,95,74,255,223,255,179,186,86,251,250,255,223,255,191,189,249,255,211
107,191,236,245,252,127,253,159,59,239,254,191,155,189,215,58,207,255,255,157,171,122,247,210,239,255,255,191,199,252,214,255
78,218,246,255,237,158,255,152,255,223,127,102,255,255,215,110,255,255,255,91,144,248,235,224,111,255,247,135,231,255,228,219
30,189,248,252,254,103,127,254,31,239,252,170,221,255,253,96,255,223,255,179,186,67,251,251,255,223,175,254,183,255,165,243
15,221,115,238,244,30,255,252,127,202,255,230,255,255,190,244,255,255,159,238,225,187,45,255,255,255,167,140,95,246,243,249
146,239,243,159,190,106,255,255,63,226,218,243,188,174,245,101,255,223,127,215,243,251,237,239,190,126,158,194,198,221,181,253
19,91,102,159,110,131,239,248,191,20,210,135,237,207,55,97,126,237,63,231,196,243,207,253,182,122,235,128,55,191,49,205
59,222,100,205,125,83,255,180,95,236,254,174,235,28,151,228,94,229,255,207,205,254,109,255,190,127,231,151,103,191,124,125
84,49,185,102,9,104,83,8,162,133,175,8,215,247,73,62,0,212,109,24,10,67,250,0,219,205,1,63,224,115,70,98
106,248,188,186,109,221,156,206,139,95,180,173,172,220,94,191,143,243,255,67,198,111,250,241,159,89,95,187,87,29,143,223
30,222,252,255,239,63,126,222,63,191,118,119,255,127,191,91,255,255,247,67,252,244,91,250,254,255,247,134,255,253,237,155
163,239,103,255,238,143,239,254,127,122,244,214,125,238,150,97,127,239,127,207,227,255,111,255,54,250,247,128,125,156,227,249
218,251,119,254,123,223,255,253,191,236,254,231,108,254,167,100,254,255,255,231,229,171,191,255,54,253,47,187,111,182,167,255
207,255,226,223,126,184,255,217,239,75,255,246,232,238,191,228,127,235,255,143,167,53,174,243,54,125,175,138,159,247,249,245
95,115,43,228,121,215,91,252,171,236,222,173,94,222,215,180,254,245,255,231,205,3,186,220,251,221,175,186,14,182,47,119
223,191,106,183,254,243,191,243,191,238,215,183,237,222,246,69,255,255,255,215,246,95,237,255,254,117,175,243,39,207,165,215
79,249,239,243,253,221,251,216,239,253,159,38,249,255,222,166,255,95,255,223,151,115,187,245,127,93,175,238,135,183,247,245
246,252,237,245,238,127,254,255,91,250,178,255,75,125,87,155,255,247,255,163,237,119,223,234,191,255,255,191,239,252,222,215
125,249,56,239,61,221,91,184,79,252,189,8,255,217,91,176,221,249,253,107,206,99,251,189,235,221,133,61,82,63,86,98
91,251,118,206,59,221,155,248,175,204,149,173,255,223,255,230,214,249,255,79,199,3,254,253,210,89,171,187,30,175,13,253
126,233,180,255,157,95,94,168,207,180,173,9,239,252,95,198,217,229,255,115,74,99,251,189,171,255,135,127,82,63,86,102
31,223,98,171,247,151,254,248,15,108,221,231,105,238,191,228,254,203,159,247,159,179,45,255,190,93,175,230,63,191,249,213
154,19,122,224,178,80,189,115,61,76,86,183,29,158,166,97,118,155,157,229,244,153,36,194,242,233,170,195,47,132,173,83
38,61,59,218,213,245,187,208,207,93,93,2,56,220,127,44,205,59,147,211,151,42,58,245,111,29,143,107,211,95,245,246
11,155,34,25,243,149,184,87,63,77,88,245,172,140,182,196,238,43,131,149,150,184,4,247,46,52,30,194,223,4,169,221
10,191,98,137,243,209,187,71,63,77,92,183,40,142,182,212,238,43,135,149,150,154,36,215,62,116,154,203,151,4,175,223
10,146,32,161,127,249,184,67,15,117,95,183,172,142,230,196,174,59,191,149,150,24,231,213,142,81,154,235,151,12,13,223
63,253,98,239,244,154,255,252,125,234,254,230,251,255,183,244,126,239,159,239,237,179,124,239,246,255,167,128,111,255,218,253
191,223,106,235,246,147,255,252,29,76,221,231,105,207,191,196,126,219,151,247,238,178,45,255,254,217,175,199,63,191,252,209
111,248,243,254,103,189,255,254,127,238,126,46,127,251,213,60,255,239,119,202,194,250,235,251,95,223,247,136,231,255,99,235
215,223,191,190,170,118,31,190,189,222,158,247,223,126,171,123,247,215,253,231,253,69,187,239,248,243,111,158,172,119,165,117
127,118,235,231,238,90,255,248,109,238,255,166,91,237,255,102,127,221,191,239,201,243,173,234,126,255,175,132,47,255,116,241
15,223,119,255,255,223,254,246,191,223,126,231,237,255,183,133,255,251,247,199,245,216,42,255,239,223,255,131,63,244,143,223
24,175,110,191,62,232,127,123,174,76,223,171,191,175,18,0,238,255,255,133,90,203,139,125,246,229,186,217,36,202,191,219
127,115,127,238,59,223,91,120,175,236,181,237,238,222,247,182,222,177,255,103,205,3,234,221,211,217,43,187,22,175,47,119
207,54,114,222,254,185,254,95,189,206,253,255,237,238,255,229,255,251,223,181,183,103,172,255,190,127,175,187,159,244,171,213
15,159,123,207,182,62,255,248,125,204,126,230,249,111,182,228,254,127,159,239,193,176,45,239,230,255,175,128,47,247,121,241
88,57,122,231,106,203,127,125,55,172,255,171,255,247,2,16,126,191,255,194,72,219,227,31,247,197,37,185,38,186,134,123
31,223,123,239,118,246,255,254,93,72,254,230,125,255,191,224,254,255,183,239,133,178,61,255,119,255,175,130,63,255,105,255
70,225,180,158,141,95,150,168,175,180,135,9,238,254,77,67,201,245,251,99,72,99,219,253,187,50,207,63,18,63,53,102
47,253,235,203,246,247,251,220,127,201,255,230,89,252,191,164,127,255,151,255,151,179,127,254,126,93,175,204,239,255,248,245
84,249,250,124,122,78,87,252,51,172,254,40,119,247,67,80,55,252,109,74,72,83,251,127,251,175,37,189,98,178,6,123
31,155,98,174,254,147,255,253,13,108,223,231,109,238,190,228,254,255,255,231,215,155,45,253,254,125,175,199,63,159,189,221
120,169,156,240,137,237,81,143,171,181,164,25,174,191,74,27,129,147,237,16,26,75,218,49,219,209,85,127,194,64,142,74
11,167,98,141,119,178,168,103,63,69,94,215,173,44,150,132,63,43,147,141,182,152,5,223,46,126,154,195,143,196,187,220
79,184,252,119,235,253,255,158,191,255,54,189,253,255,214,190,167,127,255,221,167,89,190,247,79,95,255,247,142,213,143,255
89,18,123,224,118,230,121,19,125,72,127,102,95,159,176,112,246,189,55,184,153,179,48,206,211,239,170,196,47,160,101,113
79,184,244,247,108,201,248,184,191,249,179,171,252,255,89,107,183,125,255,211,146,65,203,245,222,251,255,190,134,167,3,211
9,89,123,76,118,223,251,112,101,204,126,226,121,221,180,36,62,248,23,234,193,176,52,252,115,237,162,192,103,183,117,241
10,18,227,201,230,50,172,87,29,67,90,247,9,175,188,204,126,155,151,149,144,144,4,194,22,116,186,195,183,212,173,245
107,191,248,117,253,252,253,23,123,255,126,253,171,175,214,246,207,191,255,12,151,122,246,209,79,255,246,171,206,196,222,253
222,223,255,191,251,206,63,249,191,252,215,247,124,254,238,115,231,255,255,211,247,221,187,247,191,123,175,239,52,164,165,251
3,27,111,152,87,150,249,83,141,69,214,135,28,158,54,100,238,185,147,197,135,155,54,213,23,56,154,202,31,140,241,245
45,245,115,75,116,223,239,252,79,105,125,78,91,221,188,180,126,216,86,106,203,178,120,189,119,221,37,172,127,187,210,177
79,251,255,238,42,223,218,248,175,252,149,237,236,223,215,114,182,117,255,215,198,67,235,249,159,217,111,190,22,167,15,119
191,127,110,254,238,83,222,248,127,238,247,167,75,238,191,177,127,253,255,231,237,247,111,254,242,251,239,181,119,255,254,213
207,22,241,222,239,181,255,91,223,202,221,254,220,254,191,228,255,255,255,175,229,7,174,219,54,126,175,190,159,254,185,245
1,157,59,235,52,134,235,117,76,73,95,70,181,31,176,96,238,59,23,207,211,184,49,253,101,61,186,192,28,138,241,249
74,58,150,180,235,160,56,135,187,159,162,189,172,231,71,223,167,127,237,144,54,79,130,226,158,246,95,235,138,84,175,31
217,154,159,249,168,174,121,23,190,91,246,84,159,191,128,75,231,55,125,157,187,205,67,211,205,251,250,208,136,192,161,57
75,190,175,254,105,245,25,250,175,95,148,189,189,254,242,247,199,115,255,141,231,79,254,245,219,123,255,251,22,196,63,255
57,50,35,76,123,95,145,120,85,236,244,47,26,29,162,164,220,60,214,44,141,179,113,158,83,109,33,187,123,172,126,247
143,191,226,223,254,176,254,219,255,79,255,247,237,238,255,228,127,235,255,175,183,119,174,255,62,125,175,142,159,254,249,213
124,49,185,100,83,201,83,24,99,165,173,8,27,215,73,48,144,220,100,80,11,34,242,0,219,205,1,60,226,3,70,114
150,158,111,155,222,183,190,251,159,90,223,247,205,238,182,197,127,187,191,175,243,215,15,255,190,123,239,204,63,236,185,213
159,159,110,187,254,151,239,250,151,200,223,246,121,239,186,101,127,235,63,223,251,255,47,255,62,111,175,192,63,175,177,245
139,182,254,255,238,162,189,255,191,94,251,246,253,254,174,107,127,127,127,131,229,213,175,255,246,251,254,130,45,240,161,217
206,190,110,183,254,243,191,247,191,238,223,183,237,238,190,97,127,255,255,167,246,223,175,255,254,119,175,195,39,252,181,253
253,126,238,255,190,171,239,218,127,234,223,246,253,239,243,104,127,239,127,223,161,245,239,234,254,255,239,144,175,251,113,249
95,182,247,235,190,58,127,251,63,255,255,230,221,239,220,192,127,207,255,187,179,209,237,255,222,255,111,212,174,231,163,241
235,183,252,223,254,90,124,253,191,249,254,190,255,111,158,115,254,223,127,104,247,250,239,255,126,251,231,144,62,250,195,217
239,251,236,255,236,139,253,253,255,254,246,254,249,239,151,43,239,239,127,239,241,127,239,254,126,251,255,152,95,188,243,249
223,157,118,251,254,183,254,249,63,249,223,246,221,255,254,112,127,215,127,191,185,219,255,254,190,255,175,196,191,231,161,113
63,253,107,202,254,215,254,252,127,200,255,230,121,252,191,164,126,239,151,255,199,179,45,254,126,93,175,206,255,255,120,245
31,182,239,255,254,99,251,218,95,251,223,230,249,239,249,104,127,222,127,251,169,211,239,250,222,239,239,148,183,251,48,177
92,189,189,247,188,110,125,159,190,251,255,52,223,127,136,91,135,87,125,154,187,216,235,37,239,251,127,212,168,240,133,113
92,185,185,238,188,236,83,152,171,236,191,8,255,247,73,114,148,247,125,90,139,97,251,34,251,253,37,184,130,243,71,115
216,188,190,118,41,221,81,119,251,251,180,24,191,191,64,59,165,183,253,8,43,111,178,179,219,223,116,59,202,192,70,59
125,241,59,98,188,79,87,249,99,232,191,8,215,215,72,48,148,220,92,122,219,51,248,14,251,221,37,124,98,162,194,99
216,184,191,252,169,236,89,183,187,89,182,28,191,183,64,123,167,119,253,16,59,73,178,53,219,251,118,120,138,192,135,59
122,112,116,224,105,93,88,81,169,245,180,9,143,31,70,158,174,149,223,17,140,43,208,192,151,217,82,59,66,132,79,91
89,32,120,225,38,26,121,16,105,38,182,26,159,11,149,123,238,133,95,172,136,182,225,192,215,249,114,132,103,128,66,97
194,90,46,154,107,244,185,214,143,94,20,167,172,158,119,75,230,115,191,199,135,77,50,241,87,113,218,139,28,85,45,223
33,241,185,195,228,29,253,221,78,91,89,102,153,252,252,40,221,91,23,157,215,48,126,241,111,28,190,236,221,218,209,245
47,87,122,108,122,151,95,120,215,200,220,229,217,221,183,96,214,125,159,103,196,131,110,158,99,125,169,186,54,190,52,243
198,255,119,223,246,106,255,255,63,254,222,242,237,238,189,101,255,223,127,143,243,255,173,239,188,250,255,194,133,252,181,253
57,18,42,76,125,87,147,120,84,236,214,175,90,157,178,228,220,28,159,44,205,179,117,142,83,125,161,147,90,172,124,255
63,221,115,238,253,86,255,254,127,200,252,194,125,255,188,244,254,223,63,238,195,187,45,255,255,255,175,140,127,247,235,245
62,253,249,237,254,87,127,255,31,237,252,238,157,127,148,240,255,223,159,188,251,218,249,255,255,223,175,244,183,252,245,241
15,217,246,255,239,158,254,156,175,251,126,231,237,255,221,94,255,255,255,199,144,248,219,233,254,255,223,134,239,255,225,155
78,251,246,231,255,156,255,152,239,252,254,102,237,255,215,102,254,253,255,91,210,249,251,232,111,253,175,174,231,191,101,223
10,191,98,152,243,209,184,71,31,77,92,183,44,142,166,196,238,59,151,149,150,152,36,247,62,84,154,195,151,4,189,223
234,189,232,245,252,253,253,23,59,239,254,189,191,189,214,48,207,191,247,157,186,250,243,211,207,255,190,179,199,204,215,255
122,190,236,245,236,111,253,255,31,250,190,191,159,63,87,11,239,255,255,129,253,254,243,202,254,255,255,182,239,248,222,219
18,152,58,184,98,228,185,103,172,79,94,183,12,175,38,72,238,59,151,133,20,155,48,199,211,55,186,195,128,0,165,211
79,251,255,231,125,221,250,248,239,248,191,99,249,223,223,230,254,253,255,255,198,35,239,245,255,93,175,255,71,191,125,247
234,188,253,245,236,251,248,55,253,255,254,189,175,45,150,251,239,183,255,133,181,254,247,207,206,251,242,195,207,204,222,95
34,159,106,92,114,209,187,119,29,13,92,231,40,175,182,64,254,187,151,129,214,154,36,255,114,20,186,203,87,132,36,255
26,17,61,200,107,213,185,113,141,77,253,35,12,31,38,36,238,17,151,128,22,43,50,213,215,241,10,203,83,6,39,247
57,17,115,236,117,157,219,48,69,64,255,14,123,93,190,164,94,160,150,108,141,178,116,157,211,253,0,0,127,143,120,117
18,178,124,185,91,241,56,67,143,117,85,175,140,143,38,73,230,153,151,145,22,27,22,213,215,113,154,235,54,12,13,215
9,41,99,97,10,158,106,48,228,224,78,192,153,207,209,240,38,44,123,238,193,144,181,76,70,237,163,192,46,135,67,176
163,164,198,157,124,47,248,123,31,251,242,19,172,170,116,97,239,173,127,149,183,254,67,219,30,58,250,198,29,168,113,157
227,48,247,221,124,235,249,80,127,225,243,250,156,158,148,110,238,189,127,129,177,254,227,215,30,122,218,202,199,140,99,245
57,251,74,172,114,145,90,252,33,72,248,237,63,207,130,144,190,169,213,231,207,11,128,61,242,197,40,185,62,134,10,219
218,254,126,222,126,147,255,253,189,206,247,247,109,222,191,101,254,253,223,231,229,231,46,255,114,251,239,139,111,183,167,255
212,86,237,191,172,47,237,216,62,250,247,179,215,111,153,123,255,213,127,175,169,231,235,18,220,235,255,148,148,249,245,241
240,63,122,239,114,203,127,117,53,12,254,170,255,247,162,84,126,254,95,234,120,154,225,255,247,237,38,129,38,186,134,251
8,141,235,253,181,254,121,55,125,65,126,18,187,57,48,96,99,174,63,152,51,184,113,255,239,255,146,65,166,200,244,234
191,223,98,170,246,151,255,252,29,236,223,231,105,204,191,229,126,233,151,255,237,179,45,255,254,93,175,198,63,191,248,213
124,255,253,103,250,78,119,188,50,236,254,108,119,119,131,16,55,253,117,234,225,242,249,127,127,175,37,165,105,178,102,251
159,223,106,138,254,147,254,252,157,108,215,247,109,206,190,229,126,253,159,231,245,151,44,255,250,125,175,204,63,191,189,213
217,80,61,101,41,79,87,56,237,234,183,72,223,23,13,63,132,212,124,106,201,37,241,12,195,251,97,16,74,179,66,51
64,62,27,237,96,140,57,51,172,200,90,229,181,151,160,80,230,59,63,133,193,152,146,79,196,172,170,128,12,128,33,57
75,184,246,247,239,253,249,210,255,255,180,175,189,255,215,190,175,251,255,157,135,75,186,241,95,95,255,171,143,196,79,255
222,252,126,255,250,163,191,255,191,186,223,179,125,254,242,115,247,255,255,131,226,223,175,255,254,107,239,198,37,244,167,241
3,211,226,203,246,16,172,87,15,65,93,231,9,174,254,196,127,155,151,157,215,152,13,194,62,60,190,198,191,222,185,221
115,74,106,140,102,18,234,112,65,100,246,231,33,12,183,112,126,173,23,239,204,179,36,204,18,105,170,128,53,190,120,76
131,89,47,248,77,196,253,71,140,85,214,7,156,158,54,105,238,185,27,141,215,139,50,213,117,57,154,200,21,12,241,250
46,235,238,247,252,154,254,188,175,185,255,98,239,253,220,98,255,223,255,211,222,248,235,229,254,255,239,199,231,191,253,133
11,221,98,25,115,151,186,247,205,65,94,231,44,156,182,228,110,43,147,213,199,152,52,253,46,124,14,194,95,134,169,221
3,155,99,137,244,166,239,150,77,73,90,230,185,47,176,228,94,10,23,205,147,152,101,247,36,60,186,192,159,143,241,253
91,123,123,204,126,213,251,120,169,204,222,174,254,223,247,180,254,253,223,239,205,3,172,252,255,125,175,187,6,183,63,127
59,122,107,140,126,208,187,116,196,204,220,231,41,204,183,164,126,232,151,205,197,179,166,237,114,109,171,137,63,190,124,253
248,161,156,240,137,237,81,207,171,61,164,25,143,151,66,27,137,147,237,16,26,79,218,17,219,209,85,127,194,0,134,10
74,186,146,176,251,176,56,199,187,159,74,189,172,238,70,158,167,127,239,149,22,73,130,226,158,215,95,235,138,68,175,95
10,18,106,169,118,251,185,82,141,109,92,183,189,30,183,40,238,25,159,149,135,180,116,197,198,85,186,179,150,140,21,215
139,183,126,186,246,187,252,255,61,223,221,247,205,238,190,173,255,251,159,181,181,255,44,222,190,95,255,238,159,252,187,213
45,249,115,73,244,159,239,252,87,232,124,78,27,217,213,180,126,248,22,106,203,178,124,255,127,221,37,232,127,187,194,189
11,89,115,78,118,213,251,116,117,76,126,230,57,223,181,100,126,184,151,206,193,178,52,255,119,125,162,136,119,158,116,253
63,223,102,255,244,30,254,252,253,236,254,230,251,239,191,245,126,239,255,239,237,179,61,239,246,255,167,128,111,255,90,253
31,31,107,231,244,26,255,253,109,236,126,230,219,111,190,228,126,255,191,239,221,176,45,238,246,255,175,128,47,247,249,117
75,184,255,254,105,245,121,214,191,95,212,173,172,255,214,246,231,243,255,137,135,75,254,241,223,91,251,251,22,132,47,255
93,255,251,230,179,94,127,248,51,238,188,173,95,119,203,178,183,223,253,114,233,211,185,170,251,199,37,188,170,247,47,115
185,253,111,255,238,159,239,252,127,123,246,246,253,238,156,97,127,207,127,207,227,253,111,255,254,251,247,144,125,153,227,249
158,223,126,255,175,82,255,252,189,94,247,247,105,127,191,239,127,247,191,227,237,245,47,255,246,251,239,135,55,247,237,247
50,0,122,232,91,211,24,64,133,37,132,139,12,159,32,84,238,145,155,208,10,3,0,212,211,212,138,127,183,143,39,226
124,121,179,96,83,205,83,80,99,160,108,8,30,151,65,48,48,252,64,88,11,50,176,8,127,205,33,44,226,35,70,179
159,159,110,223,254,179,255,251,215,202,215,246,249,238,183,97,127,234,63,159,250,255,47,255,126,111,239,192,63,237,240,245
27,150,255,255,238,162,189,255,191,91,223,247,253,255,186,72,127,255,255,133,145,211,175,211,254,239,255,132,173,242,161,241
111,126,238,255,190,170,235,218,63,234,255,230,253,239,147,110,127,238,127,222,163,213,239,235,222,255,255,144,191,255,113,217
79,191,255,239,254,58,127,249,191,237,255,246,221,239,220,114,127,223,255,182,149,211,237,255,254,255,47,196,164,227,227,113
215,236,255,223,250,163,191,255,63,162,250,242,252,255,229,121,127,255,127,163,240,223,175,255,254,62,255,134,165,241,163,161
234,158,247,255,234,107,189,255,191,255,254,247,237,255,190,91,255,255,255,129,241,255,47,243,254,254,255,198,151,244,167,251
235,246,253,255,236,9,237,253,127,254,246,254,253,239,220,35,255,239,127,207,225,126,239,251,126,251,255,152,95,184,243,249
31,126,231,255,126,43,235,218,191,235,254,230,249,255,247,106,127,254,127,219,171,227,239,250,254,255,175,156,183,251,113,177
207,157,127,235,254,23,255,249,63,251,255,246,217,239,252,241,127,223,127,191,249,215,239,254,254,255,175,228,191,171,169,81
196,245,189,243,168,78,93,191,190,255,183,20,215,119,10,91,135,215,125,24,251,201,251,55,235,255,127,212,128,240,133,115
88,184,191,252,41,253,81,87,251,89,180,24,191,255,64,59,165,179,253,0,59,107,178,177,219,251,112,122,202,0,231,59
37,245,123,97,116,79,119,252,105,236,124,8,211,85,10,48,148,220,84,106,201,178,121,28,247,141,37,52,64,178,198,243
122,33,52,224,13,93,88,80,169,164,164,9,143,31,86,150,236,149,223,192,76,35,208,192,147,217,2,59,66,6,78,74
82,32,120,225,36,42,121,19,105,52,182,58,159,11,148,90,110,133,95,168,136,180,225,192,214,249,114,132,103,128,70,99
142,88,174,154,239,244,189,192,142,222,84,163,124,222,127,234,239,123,187,215,134,69,58,241,83,83,218,139,150,95,61,223
55,135,226,129,214,50,170,75,19,135,220,247,9,174,254,228,127,207,151,181,182,154,133,194,30,12,158,199,183,205,248,196
59,255,118,236,255,126,255,254,127,232,254,38,127,255,190,244,255,239,255,236,237,187,61,255,250,255,167,140,127,254,251,253
11,0,106,108,126,147,91,120,143,192,212,163,217,221,183,224,86,61,159,237,196,3,102,156,66,125,171,185,54,166,121,241
23,217,246,255,254,138,254,252,175,241,250,231,237,255,119,86,254,255,127,199,195,249,219,233,190,254,207,130,239,191,105,223
78,249,114,239,127,156,250,248,175,236,254,231,237,223,213,230,254,253,255,255,194,35,250,233,254,253,175,190,111,191,97,159
43,51,122,76,121,31,153,120,71,72,244,236,31,221,182,180,158,56,215,108,133,35,102,157,83,121,33,190,94,140,7,245
170,191,250,245,245,237,249,55,191,111,126,189,191,191,214,80,207,191,255,5,178,252,242,227,207,255,186,225,198,204,215,251
235,188,252,245,189,175,253,119,63,239,254,191,191,63,82,42,79,191,255,133,189,248,243,202,223,255,255,176,239,204,219,251
59,73,99,200,85,151,239,116,69,64,220,198,57,140,182,228,124,168,146,236,205,186,52,223,55,12,130,8,127,158,248,252
89,105,106,64,20,151,75,112,100,192,206,78,51,131,145,112,56,172,93,238,201,131,180,93,243,13,162,56,45,131,123,40
74,190,254,253,125,252,249,55,191,95,126,53,190,190,22,251,199,55,255,5,183,252,243,199,207,255,122,195,204,204,199,219
3,32,222,147,108,169,249,82,31,113,243,18,156,142,86,106,239,175,127,129,147,254,195,245,20,62,186,192,149,137,121,129
167,112,247,219,108,169,248,84,63,51,243,242,141,158,156,107,239,157,127,147,146,246,231,240,20,58,58,194,213,137,227,165
32,251,98,72,114,131,107,245,33,4,124,239,49,199,178,20,126,168,7,254,210,154,36,125,124,140,160,232,127,130,226,249
9,22,105,65,98,62,185,50,124,238,94,228,157,7,147,109,54,20,31,173,161,148,37,78,70,111,42,128,46,229,7,241
134,190,110,191,238,163,255,255,63,230,223,247,253,238,190,105,127,255,255,167,240,223,175,255,254,127,255,200,165,252,183,249
10,155,63,185,167,253,185,83,141,77,94,183,140,158,54,72,166,59,159,21,150,152,50,213,199,89,58,195,150,140,133,219
8,141,122,251,213,254,121,39,127,1,110,18,191,185,52,96,115,186,19,152,50,184,49,255,239,255,146,65,182,136,252,170
139,151,254,191,254,187,253,255,191,223,215,247,205,238,190,105,255,227,255,181,180,221,46,222,254,127,255,198,159,252,189,213
6,164,178,154,223,161,186,202,31,19,89,147,140,254,108,140,255,27,147,149,22,86,154,243,157,22,155,111,149,79,169,134
93,255,252,231,115,90,127,188,51,236,254,173,127,119,131,176,55,253,253,226,233,218,233,175,254,231,39,133,46,182,46,251
110,97,123,236,46,141,218,88,173,168,189,139,223,207,93,112,254,181,95,239,200,35,218,220,215,217,171,184,22,171,3,145
70,97,92,231,46,141,250,88,175,184,179,74,237,203,93,114,250,189,127,195,67,99,203,209,159,216,171,188,36,162,43,129
159,95,110,223,230,51,255,253,157,238,222,231,109,110,191,231,127,247,191,231,229,241,45,254,242,123,239,134,63,255,253,245
191,95,102,159,246,151,255,252,29,238,223,231,105,238,191,229,127,237,159,239,237,247,45,255,254,91,239,134,63,255,120,213
27,185,255,220,109,221,249,215,239,253,252,175,184,255,214,188,239,251,255,149,151,122,190,241,95,95,191,171,143,132,255,255
216,89,63,181,18,194,61,55,164,76,214,167,189,23,34,65,166,55,93,193,121,153,49,109,241,225,58,129,36,0,165,123
172,92,123,103,54,111,231,48,124,238,254,96,251,53,129,96,126,252,94,106,233,180,121,110,229,175,39,128,101,251,71,249
107,185,243,254,111,213,249,87,175,93,252,175,172,255,246,190,239,251,255,193,151,75,238,241,95,89,254,171,150,148,239,255
61,73,123,105,87,223,235,80,69,64,108,2,59,221,55,228,120,168,18,238,201,176,52,188,119,205,0,0,127,191,120,240
154,219,110,153,50,144,184,119,188,77,86,231,173,206,182,193,230,41,159,213,230,137,38,253,162,113,174,139,23,148,61,221
146,75,110,157,54,146,188,119,189,77,86,231,173,174,182,65,102,35,159,197,244,153,37,237,38,115,186,131,37,148,189,221
123,123,122,236,119,215,91,120,45,204,252,174,255,223,183,180,254,253,215,235,205,147,52,252,243,221,171,187,39,191,127,117
187,90,107,158,70,210,175,80,213,204,214,231,41,204,183,229,110,232,151,239,237,183,36,238,50,105,170,137,47,189,120,221
248,165,188,112,185,237,81,15,163,189,173,25,143,183,74,27,129,147,237,16,58,75,210,17,219,209,85,127,194,64,134,98
14,50,162,154,211,241,186,89,31,77,85,247,140,206,254,140,255,27,151,149,150,23,46,210,30,85,186,235,159,14,191,215
10,159,98,154,243,209,184,231,31,77,92,247,44,142,182,196,239,59,151,149,246,152,36,247,62,20,154,195,31,132,189,223
191,125,235,198,246,82,255,253,85,236,255,238,89,237,183,228,126,253,183,238,201,179,173,238,118,109,167,128,111,255,246,253
127,159,106,205,246,18,255,254,125,204,254,230,121,237,183,100,126,255,151,239,217,186,45,238,118,253,175,128,47,255,240,245
63,223,111,238,252,30,255,252,253,236,254,231,107,238,191,244,126,239,255,239,205,179,63,255,246,255,175,128,103,255,254,253
11,219,247,239,126,223,254,253,175,216,254,231,109,255,190,230,254,251,255,197,199,249,171,253,190,255,239,130,55,174,229,255
253,81,117,101,165,31,71,49,117,234,183,88,219,49,153,245,28,196,92,106,233,176,121,142,179,249,65,20,106,241,194,37
70,239,254,223,254,27,255,255,63,186,222,162,253,238,189,109,127,223,127,139,243,251,175,253,188,62,255,196,133,248,177,185
74,186,146,177,243,177,56,71,191,213,64,245,172,142,70,220,167,59,243,149,22,88,130,211,158,86,30,235,138,4,171,223
191,127,99,206,246,83,255,253,95,232,255,230,121,252,191,165,126,237,151,239,237,179,44,254,58,125,175,134,111,255,250,245
27,221,123,237,246,183,255,119,125,201,254,230,189,63,182,228,126,191,159,173,173,186,117,223,126,255,190,130,191,220,249,253
232,181,189,112,233,237,81,27,163,191,165,25,159,183,74,27,129,147,237,16,58,75,250,16,219,209,81,127,194,64,134,98
48,121,123,96,82,207,81,84,32,164,100,40,55,151,65,48,162,185,64,80,67,154,176,12,123,201,32,42,96,0,38,187
31,159,238,255,254,179,255,251,23,206,223,246,249,239,179,105,127,239,191,143,249,251,47,255,254,239,255,192,183,253,241,209
31,215,239,191,254,242,255,255,191,203,223,246,93,239,186,96,127,255,127,141,211,219,175,227,254,239,255,132,191,250,161,249
59,221,113,237,254,255,255,119,127,232,254,166,59,63,182,116,127,191,223,172,221,186,101,223,254,255,175,128,127,252,253,253
125,126,238,255,60,187,235,218,191,203,255,230,255,239,187,106,127,239,127,143,139,241,239,251,222,255,175,144,191,251,113,241
23,233,255,143,126,138,254,252,175,224,250,226,253,250,245,98,126,237,127,207,195,187,239,249,190,252,175,128,101,186,97,201
43,191,249,253,245,255,125,55,63,237,254,246,169,191,150,244,207,191,159,136,219,186,113,255,239,255,190,194,151,204,222,253
207,63,255,251,252,186,123,216,191,232,255,230,221,239,223,115,127,239,127,254,177,211,239,254,254,255,175,196,175,235,99,241
107,244,253,255,110,9,253,253,127,234,254,254,253,255,222,98,255,207,127,143,193,119,239,211,246,255,255,152,127,250,243,249
10,189,178,251,245,253,249,119,191,79,126,21,188,191,54,100,167,59,191,21,147,184,178,247,207,255,58,203,138,76,135,251
107,188,248,245,253,189,121,55,63,235,254,124,191,191,214,116,207,191,255,12,178,252,241,223,207,255,190,210,142,204,211,251
135,124,237,255,252,187,235,222,159,234,254,238,249,239,215,106,127,238,127,223,169,243,255,250,254,255,175,152,191,249,81,249
202,158,182,249,229,252,184,55,191,91,126,53,188,191,150,120,199,59,255,17,183,252,226,247,207,255,122,203,138,68,135,251
215,191,127,251,252,179,251,248,63,250,247,254,217,239,247,105,127,255,127,255,249,215,239,254,190,251,239,244,189,169,113,241
212,244,189,243,184,78,95,189,62,255,183,84,215,119,72,114,151,215,125,94,251,76,251,51,239,255,119,212,0,178,132,123
88,184,191,248,41,237,81,87,171,89,164,28,190,223,64,59,165,179,253,16,27,107,178,177,219,251,80,123,202,0,135,123
36,117,121,97,244,79,119,125,96,236,126,8,215,87,9,48,156,220,86,106,201,178,113,30,231,189,37,4,64,178,198,243
27,23,120,97,178,126,125,23,109,77,94,245,157,31,150,116,38,31,149,173,149,152,37,192,230,253,48,129,174,196,205,115
120,49,112,224,13,93,90,80,41,36,173,9,11,31,86,18,200,149,221,104,76,35,240,136,211,217,0,59,99,14,78,66
210,34,249,225,36,40,249,19,105,51,178,250,159,11,212,90,238,133,95,136,136,188,193,194,214,249,50,148,101,128,99,1
121,5,101,69,245,63,70,62,97,226,254,76,75,41,149,181,24,196,70,110,237,242,117,140,54,250,65,20,107,253,90,4
122,176,34,90,75,245,145,66,139,93,181,63,42,156,118,158,236,179,245,17,158,47,242,241,19,89,208,251,195,13,126,95
35,32,244,187,78,169,248,82,62,113,247,82,157,138,216,104,107,143,126,153,146,244,199,241,84,62,186,192,157,137,113,129
30,91,170,190,175,240,190,192,142,30,213,35,108,222,127,200,255,123,187,211,6,3,10,241,211,85,223,139,151,127,61,195
126,113,102,72,205,125,213,93,193,222,189,175,10,220,127,191,140,144,213,115,221,35,190,144,115,89,197,191,119,126,222,215
46,242,96,154,239,145,154,216,15,85,149,239,72,204,254,140,127,201,151,247,150,39,46,241,26,81,143,239,215,143,189,213
30,243,106,138,239,209,158,204,143,92,157,175,76,220,255,4,255,217,151,243,198,35,46,245,122,81,175,255,55,31,189,215
14,159,97,211,243,241,191,151,143,95,29,247,140,63,254,172,167,91,151,215,147,152,60,247,46,94,190,226,158,215,141,245
39,175,224,193,246,57,238,182,95,233,90,230,153,40,212,164,127,74,23,221,151,184,69,230,46,28,175,228,237,237,217,133
159,6,102,201,103,50,248,82,125,198,127,183,9,12,183,237,127,141,151,189,165,180,37,206,22,127,218,131,239,229,121,213
55,233,107,66,84,215,202,244,97,96,124,206,19,205,254,176,56,136,23,254,207,186,60,61,58,77,133,236,111,150,242,252
11,251,251,219,127,221,251,213,239,221,252,175,188,223,246,36,238,251,255,209,215,59,174,241,127,93,191,235,31,150,239,255
33,253,123,99,244,143,231,244,126,232,120,76,179,209,145,48,152,106,86,122,195,186,120,63,109,140,37,40,73,154,66,169
11,30,110,93,246,50,254,183,93,79,94,247,121,44,182,237,127,78,151,173,245,188,37,239,102,47,254,129,175,252,248,221
8,141,122,251,85,254,251,99,127,5,111,18,174,249,54,96,241,186,147,152,18,184,58,247,207,255,146,67,179,10,253,170
118,97,114,236,62,11,90,120,45,168,185,106,223,203,157,20,254,165,95,235,201,35,200,220,242,216,171,188,127,187,99,129
59,91,122,236,118,23,95,120,45,204,253,238,127,95,183,52,254,249,151,239,205,179,36,236,242,253,170,131,63,191,127,245
147,177,6,185,51,177,56,71,62,81,66,149,173,142,70,208,231,43,187,149,55,216,22,213,140,84,154,227,140,4,171,220
10,147,58,186,247,193,185,69,143,93,85,183,172,222,46,64,231,59,183,149,150,153,42,245,95,85,58,203,22,14,165,223
51,217,99,168,84,197,235,252,68,96,216,198,49,158,184,160,124,200,23,239,207,27,60,253,57,12,174,228,61,154,112,248
11,30,230,157,39,246,184,114,157,90,214,247,168,62,183,239,239,37,191,165,165,205,55,204,6,123,250,130,31,101,57,213
22,232,146,186,207,229,186,202,159,147,193,19,44,202,125,136,249,219,147,147,22,71,154,243,159,86,159,111,145,93,47,134
86,251,99,166,124,137,235,248,175,160,187,238,239,203,253,80,254,245,127,227,202,35,203,253,182,220,171,188,111,187,113,17
2,150,122,155,243,209,184,101,156,69,93,183,172,222,46,64,255,59,147,145,150,153,62,247,62,23,154,195,149,6,173,223
139,94,102,157,39,22,188,114,189,90,86,247,237,110,183,207,230,97,191,167,229,205,55,237,6,123,250,130,15,229,57,221
47,122,226,138,103,149,187,216,11,93,85,239,12,206,255,172,254,217,151,215,135,18,190,240,86,81,171,239,159,191,63,213
27,219,115,239,126,157,251,248,175,232,254,227,253,207,244,100,254,245,255,207,195,187,235,253,190,253,175,170,119,174,113,253
186,95,106,232,118,211,223,113,21,76,124,175,43,141,182,0,126,185,151,231,204,182,36,223,118,93,168,139,119,174,124,219
25,239,72,97,178,27,110,117,37,164,126,231,11,3,146,212,62,140,134,252,220,152,69,220,254,205,165,197,47,150,168,13
11,159,123,253,246,254,255,55,125,73,126,230,189,63,182,228,239,187,151,157,183,184,117,255,110,255,190,130,191,204,217,253
35,160,170,154,93,245,184,72,159,85,197,19,40,206,126,204,249,139,147,149,22,3,58,211,31,93,154,111,155,79,249,214
48,120,123,96,18,203,81,68,160,132,164,40,51,151,1,49,46,185,69,64,73,171,48,28,209,201,32,121,97,128,38,251
31,159,238,255,252,211,255,255,31,207,223,246,249,239,178,96,127,235,183,159,249,251,47,255,254,239,239,192,191,254,253,241
43,159,115,253,245,189,253,55,191,77,126,52,173,191,182,116,207,187,183,136,146,184,112,247,239,255,190,194,150,204,197,253
195,246,253,255,126,59,255,221,127,107,255,254,255,239,222,98,127,223,127,171,227,119,239,219,246,255,255,148,127,250,243,249
11,191,186,253,245,253,121,55,191,79,126,117,190,191,150,116,207,59,255,13,147,184,226,247,207,255,58,194,142,204,197,219
145,127,237,255,252,43,107,222,255,234,254,254,243,239,221,107,127,238,127,253,171,255,239,254,254,187,255,152,189,249,81,249
10,189,178,250,245,253,249,215,191,93,124,21,172,255,54,100,165,59,151,21,147,41,50,247,127,127,26,203,146,68,165,255
88,185,191,248,41,205,81,87,171,89,164,24,190,159,96,58,166,179,253,16,27,107,178,209,219,249,82,123,218,0,167,59
32,117,57,101,116,79,103,61,112,232,126,72,215,87,0,48,28,124,86,104,201,176,113,30,229,189,37,4,64,178,198,243
124,49,120,108,29,95,82,120,65,44,173,8,91,29,27,144,216,148,213,106,72,163,113,140,243,221,0,53,99,175,94,66
194,38,249,225,38,40,121,19,41,27,186,250,159,11,212,91,239,135,95,24,185,124,193,194,214,249,242,192,172,192,67,41
30,91,146,186,175,165,158,201,143,30,217,167,236,206,111,200,255,123,191,211,70,35,10,241,178,213,143,139,158,127,189,147
255,121,102,88,171,244,88,146,171,93,150,183,42,156,119,255,166,179,253,211,142,101,178,225,83,121,216,219,199,21,126,87
126,215,232,100,189,95,215,189,193,236,188,175,75,125,254,182,156,208,213,103,221,35,60,140,123,93,165,191,111,190,222,95
127,63,104,98,245,124,223,113,193,206,189,173,91,125,223,182,158,240,213,47,157,35,252,138,115,93,165,191,239,255,222,119
236,180,189,114,233,237,81,11,171,63,173,24,142,247,72,26,129,150,237,16,26,111,250,18,219,209,81,127,194,64,198,99
63,93,122,238,54,19,94,120,45,200,255,238,127,95,183,48,254,249,151,239,205,178,44,238,242,253,171,128,127,191,115,241
234,233,148,188,205,217,148,231,139,150,160,25,174,248,103,143,201,115,235,17,118,111,194,241,187,80,95,123,80,124,175,142
111,123,112,74,235,213,157,85,137,93,181,173,10,157,222,190,142,19,213,87,223,35,242,240,83,89,56,251,95,159,222,119
11,157,122,253,246,223,253,55,125,77,126,246,189,191,182,100,110,187,151,141,247,184,100,255,110,127,190,194,63,140,249,221
109,126,239,255,252,191,107,218,191,249,254,230,255,239,147,98,127,238,127,206,171,243,239,251,254,255,167,128,191,251,112,241
61,39,228,77,125,63,86,121,71,232,189,76,74,104,159,180,88,132,206,46,204,163,109,157,54,95,5,55,111,238,90,86
68,188,185,231,48,78,115,184,62,236,126,76,247,119,73,80,149,222,125,106,203,16,249,47,253,173,37,148,0,227,70,123
174,232,186,248,205,245,212,206,159,151,164,27,44,219,103,138,233,251,131,209,74,103,154,241,91,209,223,63,211,93,254,138
58,30,106,221,118,243,255,115,29,70,124,183,40,141,182,69,126,187,151,167,224,190,36,255,118,111,170,131,55,252,244,251
11,27,231,213,231,242,189,103,141,77,94,167,8,190,182,238,111,119,183,133,149,152,37,192,14,126,254,130,135,230,181,253
219,215,116,225,179,28,95,183,109,77,54,245,159,31,150,116,166,151,221,221,253,140,37,230,226,253,180,194,175,148,197,127
31,22,226,129,231,50,248,71,125,199,94,183,8,172,183,236,127,143,183,149,148,184,37,194,22,127,218,199,175,237,253,213
21,78,75,237,52,46,111,48,68,200,219,198,211,97,177,96,124,236,28,239,201,176,85,14,160,174,163,128,60,251,113,33
14,209,123,218,247,213,190,212,31,69,93,247,92,223,252,228,246,27,151,215,147,24,58,247,63,93,138,202,182,159,165,243
53,132,229,89,215,98,229,203,87,115,114,18,80,117,157,236,89,222,50,184,59,240,111,151,13,46,197,70,247,120,244,164
30,209,35,186,215,197,187,200,143,85,65,147,76,207,58,72,255,155,147,215,22,131,58,245,93,84,154,79,147,7,165,210
175,120,161,250,205,245,223,222,131,87,172,27,152,223,127,42,205,219,147,211,206,39,250,241,99,217,222,125,211,95,246,250
3,28,238,157,39,118,188,115,205,74,94,230,188,190,183,238,239,119,191,133,133,153,55,204,6,126,218,130,143,108,57,221
27,159,98,205,247,18,254,247,89,77,94,231,41,44,182,228,127,123,151,165,212,184,36,237,126,127,254,131,255,252,253,223
238,156,102,26,95,241,144,194,203,87,53,27,8,252,119,159,235,163,243,147,182,111,190,241,31,88,218,107,215,13,127,214
62,187,232,4,254,83,223,251,67,228,156,175,9,44,215,164,62,253,215,229,205,43,109,156,122,77,173,191,127,190,126,223
123,195,96,7,149,26,78,61,101,228,254,134,107,8,158,244,122,134,156,252,221,186,101,204,58,125,134,209,111,142,248,76
59,167,106,3,214,19,110,125,101,228,127,167,105,11,158,84,126,142,135,236,220,154,37,222,126,77,164,197,47,134,250,220
61,97,121,106,116,211,82,88,71,97,253,42,83,92,188,48,88,152,150,115,143,50,108,149,115,205,160,125,119,139,126,166
246,99,66,236,124,11,74,120,45,160,177,234,79,75,189,20,126,165,95,235,200,35,200,222,178,220,139,190,127,187,98,1
231,247,225,70,253,93,199,232,75,254,185,236,106,236,223,183,159,207,246,119,239,103,254,251,60,28,5,254,205,127,214,245
135,190,182,154,125,191,176,210,223,95,85,117,172,236,166,205,205,43,167,21,166,253,42,255,14,18,123,195,218,77,57,215
83,233,67,174,126,137,235,248,175,160,250,226,125,202,245,112,126,237,127,239,194,163,207,253,180,188,175,184,101,187,97,137
61,81,120,109,53,95,83,56,65,236,253,8,83,29,27,48,88,156,84,106,200,178,113,142,227,237,161,20,115,187,86,114
10,189,50,218,253,253,185,215,191,89,124,21,172,255,38,228,229,59,151,17,151,41,50,247,63,93,30,203,154,68,165,223
81,38,217,241,164,40,233,19,44,51,186,242,157,11,208,91,111,135,127,156,147,120,197,192,212,249,122,196,140,192,131,137
255,91,102,4,98,18,254,184,225,206,182,239,73,78,151,183,54,229,244,239,204,131,172,200,50,121,239,140,103,183,106,213
159,159,239,255,252,151,239,255,31,205,222,247,249,239,178,97,127,239,55,223,251,251,47,255,254,239,239,192,191,252,245,249
33,85,49,69,116,79,103,63,125,232,126,76,215,23,128,53,28,60,86,104,225,176,113,12,101,188,36,4,66,176,198,249
30,115,154,174,191,197,30,217,135,140,217,231,109,207,107,192,254,249,159,243,78,3,138,249,250,197,175,191,60,59,189,19
216,185,191,248,171,204,81,71,171,81,164,24,62,159,96,58,162,187,253,16,91,75,178,241,219,241,82,123,18,0,167,186
17,55,237,255,236,43,237,188,254,250,242,230,247,127,153,123,127,223,127,125,161,246,239,63,252,171,255,176,236,219,65,249
236,52,241,114,169,125,81,25,171,191,173,24,222,119,73,190,129,148,236,16,58,103,250,2,219,223,81,127,194,227,70,99
47,27,112,74,235,253,223,149,137,76,61,173,15,28,222,180,134,147,213,95,213,42,116,224,115,217,44,251,87,223,207,119
122,121,230,82,171,244,156,150,235,92,156,175,40,157,119,255,166,243,253,215,206,11,178,240,19,89,220,187,199,85,126,95
111,63,248,230,181,126,223,49,73,236,189,237,127,125,151,54,158,243,213,111,157,34,108,236,235,221,173,179,207,239,214,119
23,246,255,255,126,43,255,253,255,123,255,254,215,255,158,99,127,223,127,175,225,247,237,211,246,187,239,148,93,250,225,241
63,215,104,102,181,86,223,61,65,236,157,239,91,125,158,36,158,212,149,111,221,162,124,140,107,93,165,215,111,174,222,119
29,93,31,229,180,14,111,49,100,200,223,70,215,113,177,96,118,228,28,110,201,177,17,12,224,173,162,128,44,251,112,49
203,222,120,195,182,156,255,182,169,75,190,247,189,31,150,119,167,179,221,197,247,141,32,231,238,125,62,210,47,148,193,125
3,27,235,205,246,210,191,103,204,77,94,162,56,190,180,96,110,63,55,129,149,184,36,232,119,46,174,131,149,234,181,253
15,221,114,202,247,180,255,215,205,73,92,230,28,255,191,100,127,251,151,219,211,186,62,245,127,28,142,202,191,223,225,181
120,165,188,248,221,125,144,111,139,63,172,25,46,189,78,27,137,147,237,16,58,107,210,147,219,215,84,127,211,76,206,10
43,249,115,74,125,221,234,246,79,72,120,78,40,216,244,164,254,234,150,221,199,58,254,253,63,92,135,234,95,159,122,157
50,31,106,236,214,166,255,119,141,68,94,135,41,175,54,64,126,187,147,165,212,186,52,237,119,47,158,131,181,254,252,219
42,233,186,248,205,213,149,199,139,23,172,9,174,255,103,10,201,59,227,1,90,107,210,241,251,209,215,123,210,88,254,170
170,217,230,218,205,213,148,199,203,95,180,31,40,220,126,159,237,243,251,83,198,107,58,241,51,89,92,187,87,92,252,95
212,81,95,100,34,79,71,48,52,166,167,104,215,87,129,115,54,244,108,106,105,165,113,14,241,170,97,16,96,179,6,49
122,235,160,162,157,217,94,133,131,45,136,137,175,173,82,144,200,195,237,213,94,11,202,177,250,213,140,255,182,30,158,78
69,159,31,159,42,164,175,176,188,26,91,228,244,243,184,99,118,119,123,239,177,129,11,125,36,34,234,128,28,115,161,49
133,221,87,239,54,143,174,245,204,200,91,198,253,216,185,97,54,97,22,111,225,176,60,255,36,136,47,128,60,186,209,177
63,54,224,77,61,63,210,122,71,236,188,109,75,104,159,180,217,196,254,44,140,163,237,158,18,95,1,183,223,239,90,87
103,182,229,6,253,63,222,232,203,250,185,237,74,236,223,182,159,197,215,119,231,99,252,254,62,94,5,254,207,255,86,213
61,167,106,41,212,115,75,123,85,237,222,167,83,108,190,112,121,142,151,188,156,178,101,142,126,109,161,197,247,239,252,212
45,150,229,97,236,39,205,186,83,251,181,92,219,125,221,175,93,196,55,190,185,114,125,144,79,219,245,244,223,249,208,113
54,151,107,73,210,115,239,123,21,205,255,167,81,109,190,80,125,142,151,188,249,155,61,206,123,15,165,197,103,206,244,243
38,177,185,8,215,245,178,203,87,69,109,15,8,252,110,132,249,26,130,16,23,58,58,211,31,5,17,111,251,79,255,214
217,116,119,100,51,94,73,56,53,234,230,236,79,215,129,245,54,252,252,44,233,213,177,142,178,255,5,134,42,180,38,117
197,188,157,117,160,110,33,152,54,250,3,116,215,117,193,123,51,84,108,58,49,212,249,26,205,163,101,100,232,225,3,49
145,85,127,204,38,70,111,253,220,234,82,70,117,86,185,97,54,101,30,110,225,177,53,206,177,170,103,132,60,250,33,57
67,220,112,198,118,188,254,182,169,74,188,239,188,63,151,50,167,243,223,197,133,11,160,239,54,125,186,186,103,215,67,125
155,108,167,241,85,199,233,86,30,242,80,18,60,157,117,41,232,57,19,157,99,255,48,202,125,9,158,32,157,120,49,250
56,27,162,44,147,246,83,82,5,204,222,167,43,165,163,196,120,254,132,208,13,155,180,168,243,229,164,131,171,126,60,127
104,176,185,250,253,237,209,111,203,61,189,24,54,253,76,50,201,146,229,16,26,107,250,149,219,223,80,127,208,8,198,235
109,112,185,65,45,93,83,152,227,249,36,8,155,93,81,58,128,84,124,122,139,100,251,32,79,217,69,124,202,185,70,51
123,221,112,224,247,125,222,182,73,76,60,175,15,60,215,180,166,219,149,231,149,56,52,230,123,221,44,251,247,215,223,255
106,169,146,190,77,149,180,103,139,13,248,9,40,232,102,132,200,187,227,1,86,43,130,225,19,116,154,43,83,12,254,142
127,31,120,228,180,158,222,49,73,200,61,239,255,125,151,52,158,243,213,239,221,40,108,238,234,221,173,242,239,175,214,119
239,123,230,6,106,18,254,180,233,238,182,239,73,14,151,151,62,229,213,239,196,215,173,232,54,121,239,132,111,183,42,221
106,255,240,250,239,244,158,150,171,92,156,47,44,190,119,183,166,243,221,211,206,11,186,241,59,89,158,187,151,86,191,95
255,215,121,103,182,86,95,189,81,236,29,239,91,125,158,160,158,221,149,239,253,176,108,143,106,221,173,133,39,190,214,115
105,107,229,69,173,31,205,150,71,248,182,206,155,9,213,174,76,228,254,92,137,120,229,128,78,219,229,180,207,188,80,105
124,56,249,114,33,125,83,16,59,187,165,40,95,87,73,187,179,213,236,18,10,103,249,32,219,223,81,63,226,227,70,35
18,137,234,172,118,194,255,101,4,69,94,167,49,239,54,64,126,171,19,197,212,187,20,205,122,109,174,193,61,138,253,218
212,68,95,103,42,110,111,48,160,162,167,152,215,55,1,91,38,244,109,106,105,213,241,8,213,171,96,16,32,243,6,48
157,159,111,255,244,151,255,255,95,200,214,230,249,239,178,97,127,239,63,223,243,248,47,255,254,239,255,192,63,184,241,249
216,52,253,117,178,106,81,55,52,247,38,176,215,39,192,91,55,85,109,56,57,220,177,14,201,231,117,68,224,224,133,113
84,82,87,238,34,6,82,120,33,170,179,111,95,83,41,91,182,213,108,226,73,135,153,77,209,226,99,134,41,179,35,19
213,80,159,111,0,6,111,184,52,202,67,116,215,119,137,107,118,84,60,234,233,212,153,8,225,171,103,132,40,243,32,49
21,254,239,247,236,43,239,251,174,251,251,230,215,239,216,123,127,205,127,175,217,241,239,29,252,171,239,148,205,250,225,241
60,243,88,174,190,3,94,253,6,136,217,231,119,223,107,64,222,217,159,231,78,3,74,157,250,197,175,189,60,186,188,19
218,185,63,250,139,204,81,71,171,81,164,24,191,159,96,59,162,187,253,16,91,75,178,241,211,241,90,123,50,0,167,58
33,209,117,69,116,79,101,61,125,232,126,76,210,23,148,53,28,28,86,104,193,176,113,76,101,186,36,4,74,178,194,185
55,54,235,73,244,99,75,91,87,239,252,167,19,109,183,120,93,140,23,189,188,178,101,158,127,47,177,196,245,236,116,243
121,54,234,68,61,63,210,91,127,236,254,237,75,236,151,176,191,140,223,37,141,179,117,158,50,221,33,183,255,238,90,87
115,116,119,68,113,254,121,115,107,234,254,204,74,252,151,180,183,189,252,44,141,215,245,206,19,126,5,150,111,230,70,117
45,85,121,79,116,127,71,56,84,234,125,72,211,53,145,48,88,220,22,106,233,176,121,30,103,173,33,52,115,251,86,240
47,233,228,3,215,153,190,229,203,113,60,143,40,232,94,164,232,202,211,215,214,58,94,245,46,92,133,103,223,30,218,206
9,179,157,241,168,140,189,151,174,25,18,116,191,191,192,107,135,51,127,17,211,73,130,209,205,217,126,232,152,0,129,57
66,179,177,136,171,68,155,157,143,109,152,229,140,182,204,198,198,87,253,209,19,11,227,209,185,244,174,254,150,22,165,119
